{
  points: 10168
  center: [-88.63043916   8.0249662   -7.60510956]
  max_bound: [-87.95973572   8.57315261  -6.84174681]
  min_bound: [-89.28814013   7.29739333  -8.01782513]
  region: [1.32840441 1.27575928 1.17607832]
  area: 1.6947242603737802
}
