{
  points: 7016959
  center: [-21.4622231    9.09750465 -11.49231796]
  max_bound: [ 7.70221266 16.33885312 -8.30599499]
  min_bound: [-51.79776659   1.64672639 -12.43059635]
  region: [59.49997924 14.69212673  4.12460136]
  area: 874.1812355986508
}
