{
  points: 6218
  center: [-89.07515531  11.2244419   -7.3051547 ]
  max_bound: [-88.54522942  11.97273707  -5.59546137]
  min_bound: [-89.61576136  10.47472356  -8.00336075]
  region: [1.07053194 1.49801352 2.40789938]
  area: 1.6036713121915565
}
