{
  points: 10873
  center: [-60.20102786   9.13273525  -7.54562906]
  max_bound: [-59.30153789   9.81734174  -6.76824093]
  min_bound: [-61.08603231   8.66137448  -8.03174973]
  region: [1.78449442 1.15596727 1.2635088 ]
  area: 2.062817138944357
}
