{
  points: 4863
  center: [-81.89289339   5.71624157  -7.52543933]
  max_bound: [-81.41789424   6.46294698  -6.80388069]
  min_bound: [-82.38197872   4.75709532  -8.08034229]
  region: [0.96408448 1.70585166 1.2764616 ]
  area: 1.6445851054078529
}
