{
  points: 4732
  center: [-59.65304513  10.31296048  -7.46098343]
  max_bound: [-58.84152755  10.76595199  -6.80584049]
  min_bound: [-60.57769217  10.0564108   -8.01979542]
  region: [1.73616463 0.70954119 1.21395493]
  area: 1.2318803197453374
}
