{
  points: 3651
  center: [-43.30949461  11.59627281  -7.43434299]
  max_bound: [-42.39647776  11.94177016  -6.76030397]
  min_bound: [-44.14795547  11.35358743  -7.97475386]
  region: [1.7514777  0.58818273 1.21444988]
  area: 1.030188937642253
}
