{
  points: 8562
  center: [-93.33081276  11.18384323  -7.53944304]
  max_bound: [-92.35255732  11.83029756  -6.75418615]
  min_bound: [-94.01614678  10.74155737  -7.96235371]
  region: [1.66358946 1.08874019 1.20816755]
  area: 1.8112167011570703
}
