{
  points: 4785128
  center: [-44.07171559   8.21062943  -7.30971845]
  max_bound: [ 8.00025896 14.26336342 -2.66140962]
  min_bound: [-104.92503576    1.49630942   -9.40633297]
  region: [112.92529472  12.767054     6.74492335]
  area: 1441.723335616637
}
