{
  points: 4935
  center: [-65.68030078   6.0882455   -7.61315252]
  max_bound: [-65.12643048   6.71548906  -6.86335373]
  min_bound: [-66.20103193   5.34277672  -8.07762623]
  region: [1.07460145 1.37271233 1.2142725 ]
  area: 1.475118660431938
}
