{
  points: 13189
  center: [-41.43286997   8.65317652  -7.51178288]
  max_bound: [-40.81821695   9.5448646   -6.74540234]
  min_bound: [-42.05403895   7.89355785  -7.98000622]
  region: [1.235822   1.65130675 1.23460388]
  area: 2.040721211650245
}
