{
  points: 3763
  center: [-83.97736461  11.10970934  -7.39855824]
  max_bound: [-83.23162952  11.54690707  -6.72633505]
  min_bound: [-84.87506862  10.86392601  -7.95792389]
  region: [1.6434391  0.68298107 1.23158884]
  area: 1.1224377859608927
}
