{
  points: 10844
  center: [-94.13526029   7.22755342  -7.43253847]
  max_bound: [-93.71030997   7.96209019  -6.8043294 ]
  min_bound: [-94.49528679   6.33688946  -7.9889102 ]
  region: [0.78497682 1.62520072 1.1845808 ]
  area: 1.27574489280831
}
