{
  points: 2238667
  center: [-71.75382843   8.45914177  -7.74116082]
  max_bound: [-39.22509226  14.24522973  -4.9504981 ]
  min_bound: [-98.725035     2.65302551  -8.2988205 ]
  region: [59.49994274 11.59220421  3.34832239]
  area: 689.7354867796585
}
