{
  points: 3294
  center: [-71.52062295   4.57197468  -7.53254902]
  max_bound: [-70.56331677   4.79016733  -6.91760874]
  min_bound: [-72.34514376   4.26769259  -8.08419704]
  region: [1.78182698 0.52247474 1.16658831]
  area: 0.9309595916829073
}
