{
  points: 86295
  center: [-69.61561006   9.06357629  -6.9845199 ]
  max_bound: [-39.23411533  13.72620978  -6.50002956]
  min_bound: [-98.09669044   3.60867233  -7.29999781]
  region: [58.86257511 10.11753745  0.79996824]
  area: 595.5443080540031
}
