{
  points: 4582
  center: [-50.62864734  11.51993025  -7.12031974]
  max_bound: [-50.17227207  12.22256822  -5.60062408]
  min_bound: [-51.04273837  10.81941939  -7.95755768]
  region: [0.8704663  1.40314883 2.35693359]
  area: 1.2213937720824153
}
