{
  points: 12607817
  center: [  0.66274216   8.96579339 -11.23846788]
  max_bound: [58.02670185 16.33885312 -6.48677015]
  min_bound: [-57.29777457   1.00922601 -13.31052971]
  region: [115.32447642  15.32962711   6.82375956]
  area: 1767.8812202175804
}
