{
  points: 4103
  center: [-57.00085372  10.93756052  -7.4335924 ]
  max_bound: [-56.57645678  11.80549687  -6.71737719]
  min_bound: [-57.42299202  10.2826833   -7.98976946]
  region: [0.84653524 1.52281357 1.27239227]
  area: 1.289115348236651
}
