{
  points: 4562
  center: [-58.26655607   6.77968888  -7.41537749]
  max_bound: [-57.25949887   6.99876911  -6.77355957]
  min_bound: [-59.16477396   6.4143329   -8.06227684]
  region: [1.90527509 0.58443621 1.28871727]
  area: 1.1135117580570428
}
