{
  points: 269751
  center: [-21.23354837  10.62604048 -11.05925897]
  max_bound: [  7.70163373  13.51347946 -10.50008774]
  min_bound: [-51.09396206   4.48204416 -11.29999924]
  region: [58.79559579  9.03143529  0.7999115 ]
  area: 531.0086190024693
}
